50 10 3
0.00 1.67 6.22 4.80 6.12 0.80 2.10 1.48 3.03 0.64 9.93 8.58 2.06 5.27 4.95 4.76 3.60 2.43 9.00 0.40 2.47 3.31 9.89 3.89 7.74 8.59 6.80 8.99 0.84 7.61 3.42 5.71 6.02 8.11 8.00 9.81 5.15 0.42 6.60 5.69 3.89 6.71 4.55 2.13 1.06 1.68 0.78 0.86 2.85 7.34
1.24 0.00 9.02 5.45 2.15 7.02 2.85 3.80 1.25 4.23 0.87 4.92 1.03 2.31 6.30 7.95 1.19 0.94 2.89 1.13 0.13 0.34 0.73 4.60 6.20 3.53 4.92 9.69 1.14 8.36 8.62 9.94 1.13 7.31 0.89 6.53 3.40 6.38 3.77 9.29 2.85 1.99 3.69 4.60 9.26 2.65 2.11 9.23 0.41 6.94
0.21 4.29 0.00 8.99 1.33 8.42 1.07 2.76 5.14 0.12 0.15 1.55 5.87 6.54 8.70 3.12 4.52 8.07 2.18 5.26 6.87 8.02 4.92 8.64 6.48 2.97 1.35 6.07 7.31 1.84 9.53 3.90 6.59 1.84 6.41 5.31 7.28 9.31 5.24 1.74 2.81 1.84 2.12 3.80 5.15 3.81 6.13 1.75 2.04 0.75
6.61 7.50 7.50 0.00 6.81 8.59 2.16 3.18 7.67 3.25 7.61 9.00 4.79 3.97 6.94 1.46 0.44 1.89 6.74 2.32 1.81 3.23 6.43 6.10 1.92 4.25 3.72 5.92 1.08 9.38 4.28 1.56 3.65 6.66 8.13 6.40 8.72 0.49 2.68 1.04 2.30 2.85 3.50 9.82 6.68 8.55 4.37 5.95 2.38 2.42
1.36 7.89 7.58 1.23 0.00 5.48 7.35 0.32 5.16 0.99 4.20 6.74 1.26 3.67 1.74 0.91 3.79 2.99 5.45 3.50 7.31 1.47 8.67 9.09 1.00 6.24 3.93 7.91 7.75 9.23 8.89 2.67 5.39 2.36 0.59 4.66 3.40 6.98 1.69 9.56 6.22 2.61 5.50 9.67 7.63 6.52 2.60 9.91 5.20 7.45
8.30 8.39 8.43 4.29 5.44 0.00 1.33 1.77 4.65 3.42 3.51 6.91 3.64 3.46 9.12 1.47 6.64 9.25 3.91 4.94 1.14 8.63 7.98 5.60 5.84 8.30 7.56 9.90 5.78 1.23 7.73 7.68 9.25 7.90 2.24 2.12 0.75 4.96 9.75 2.46 3.33 3.09 1.25 1.50 0.47 9.08 8.99 3.81 0.51 1.31
0.84 5.59 7.28 4.38 3.18 7.72 0.00 1.78 6.38 5.72 3.38 1.38 0.06 6.77 9.07 9.15 6.89 6.31 9.70 1.56 5.33 3.36 7.57 5.06 8.77 7.11 5.85 7.46 3.83 8.26 1.19 4.20 3.95 3.82 5.12 7.78 7.34 7.17 3.92 1.49 3.32 0.70 7.31 9.72 8.65 1.99 2.33 8.08 2.35 1.56
5.89 1.61 0.64 4.99 9.11 4.32 5.48 0.00 9.33 5.07 4.85 8.63 5.31 3.44 1.55 2.51 7.96 1.24 1.59 7.43 9.81 8.42 7.90 8.31 7.74 1.13 0.94 7.34 9.82 3.82 9.50 7.32 4.82 3.42 3.44 8.42 5.45 9.51 8.74 4.56 9.69 4.20 3.97 3.54 4.18 2.94 0.32 0.40 8.08 9.44
8.32 5.78 8.50 4.52 5.81 3.68 4.97 8.88 0.00 6.75 2.85 8.64 1.33 5.03 2.96 5.27 7.45 4.17 8.16 3.24 6.17 4.72 4.94 3.96 5.85 0.39 6.80 2.78 5.10 1.99 3.80 9.49 6.04 3.39 9.67 3.29 9.13 5.10 6.47 2.08 2.70 8.38 5.61 7.47 5.30 0.61 2.23 5.29 9.06 7.62
3.60 6.07 9.45 2.15 4.37 8.80 1.57 7.36 8.79 0.00 6.85 1.39 5.31 0.94 6.89 0.98 3.17 4.87 6.80 6.13 4.69 2.22 9.00 5.49 0.21 1.25 5.62 5.26 6.45 1.12 4.21 1.67 0.94 9.16 6.59 5.74 3.21 4.58 9.87 9.64 8.84 1.08 2.35 7.94 8.66 6.99 9.07 9.79 1.60 9.21
6.83 0.66 1.56 9.93 7.61 7.51 5.91 9.91 4.89 0.44 0.00 4.39 7.85 7.36 9.19 4.53 2.11 0.97 6.52 0.51 3.49 9.29 6.54 2.47 8.96 0.42 2.03 3.41 6.31 8.49 8.04 6.10 5.25 6.96 0.75 4.21 4.68 5.73 4.50 5.47 3.08 5.29 8.42 0.71 2.16 7.44 9.91 9.42 8.23 5.25
1.09 8.99 0.06 4.26 5.05 6.20 9.48 5.15 9.92 5.51 5.56 0.00 3.82 1.79 9.41 1.99 7.44 5.23 2.09 7.65 5.05 0.60 6.93 8.30 5.39 5.35 3.87 7.46 8.25 8.70 0.25 8.44 4.17 8.50 0.55 8.73 9.32 1.80 5.40 3.97 7.84 5.66 9.40 2.86 6.26 0.66 8.74 8.41 4.42 9.75
8.66 3.12 3.14 6.55 7.80 2.85 7.91 8.48 5.29 3.00 1.82 4.15 0.00 4.10 8.18 2.40 6.57 4.88 8.84 6.83 5.30 7.10 2.18 1.74 4.67 0.52 7.15 5.87 8.54 0.64 7.74 8.84 1.34 6.13 0.34 9.23 6.13 8.76 2.95 2.38 6.13 8.58 7.83 7.32 3.15 8.00 2.37 7.90 9.90 4.93
2.51 3.08 1.27 1.37 6.75 7.58 1.41 2.78 6.30 5.38 2.06 5.57 3.94 0.00 5.19 4.08 1.23 4.66 3.12 3.05 2.92 0.99 3.76 2.24 2.74 8.95 0.60 6.67 5.21 1.66 8.92 9.23 8.57 2.64 3.07 7.32 3.44 6.58 3.34 6.31 9.67 3.47 7.50 8.90 3.26 3.49 8.77 7.20 4.43 5.24
4.90 1.62 2.52 3.53 6.49 5.81 1.89 5.65 6.42 9.53 6.13 6.56 0.37 2.43 0.00 3.98 8.74 0.09 0.83 1.41 1.69 8.23 3.91 0.63 5.96 4.04 8.54 2.13 4.94 8.00 9.81 3.16 3.44 5.60 7.92 7.07 6.18 5.94 1.28 2.10 3.58 6.65 6.99 0.61 2.87 1.88 5.54 9.13 3.79 8.40
3.54 8.59 1.58 5.64 6.36 4.46 2.84 9.31 4.17 1.71 1.52 9.66 6.72 2.66 2.40 0.00 3.21 8.33 0.70 8.86 4.28 4.43 4.32 3.58 6.42 9.10 0.72 0.18 3.28 9.56 3.94 6.18 1.19 6.09 8.45 1.72 5.00 6.04 3.85 0.83 0.61 8.51 1.25 3.59 2.03 3.47 4.95 3.50 6.86 3.57
0.88 6.70 5.54 9.16 1.15 1.35 6.18 9.82 5.67 2.89 8.71 5.77 5.77 2.58 7.22 9.73 0.00 0.64 9.71 0.88 5.35 7.81 9.03 0.14 8.04 6.58 9.74 6.89 3.57 2.16 2.34 5.96 4.17 6.32 1.06 0.88 8.47 9.73 1.32 7.45 7.30 6.94 0.37 7.44 4.37 2.20 4.88 7.42 3.33 4.44
1.33 3.73 5.50 8.19 6.96 7.46 4.68 5.55 7.20 9.23 4.65 1.77 5.17 5.34 9.52 9.71 1.57 0.00 1.30 1.19 5.03 1.65 7.62 9.45 1.15 6.32 1.05 3.32 2.74 0.83 8.12 2.90 7.64 0.92 7.62 0.98 6.47 7.49 3.96 5.74 7.97 0.48 8.35 2.45 3.71 7.01 2.10 4.86 1.66 7.13
2.49 9.92 3.35 8.56 7.18 1.48 8.64 6.60 9.07 3.92 8.73 0.09 3.10 8.03 2.72 7.35 3.68 2.79 0.00 3.98 0.92 9.37 4.79 3.96 7.22 0.27 6.76 1.39 8.87 6.37 9.96 8.17 9.33 1.53 2.59 8.49 4.84 3.76 1.58 8.59 8.13 3.55 7.32 7.63 3.91 3.75 7.19 0.61 3.09 1.40
5.49 5.31 8.48 5.06 7.42 4.41 3.71 0.87 2.92 9.21 9.77 6.88 1.17 0.82 8.00 5.50 4.34 6.70 9.92 0.00 9.97 7.62 0.37 4.25 1.70 6.20 1.08 8.11 3.90 8.69 8.27 0.03 4.91 4.28 2.85 8.15 8.61 0.04 7.47 3.62 5.28 9.36 2.18 5.56 3.96 3.71 9.83 3.73 3.14 2.03
9.22 5.95 6.66 5.00 5.10 7.27 3.38 7.00 3.10 7.19 9.07 8.66 0.68 6.48 5.14 2.55 8.73 2.94 8.16 2.51 0.00 6.15 2.86 3.35 8.57 7.49 4.47 2.08 7.87 4.13 6.80 6.46 8.04 5.28 6.55 7.01 1.71 0.22 1.82 2.82 4.47 5.14 1.05 8.23 7.67 2.33 9.63 3.96 4.98 9.10
5.41 4.77 2.81 6.71 1.49 2.08 8.73 3.28 8.06 5.51 0.25 3.29 7.72 5.90 0.87 5.72 3.45 7.31 8.98 9.89 6.36 0.00 2.83 6.74 2.70 6.69 5.94 9.32 7.91 3.92 1.55 9.79 0.32 7.46 2.08 6.18 7.21 4.84 8.20 7.08 1.65 5.80 4.75 4.58 2.98 3.62 2.24 0.13 7.59 1.77
2.56 4.36 5.97 3.31 9.60 1.73 2.36 0.70 5.62 9.21 5.73 2.05 7.36 0.63 9.64 0.74 4.03 8.90 1.21 6.14 8.90 5.89 0.00 4.09 4.51 2.27 9.71 2.73 9.73 2.73 1.74 3.07 1.90 6.82 7.80 3.93 4.20 6.93 1.47 4.39 2.80 6.36 2.56 7.38 0.83 1.95 7.60 7.47 5.82 5.92
0.07 0.90 5.83 1.23 7.31 3.42 0.04 6.37 8.26 3.41 9.39 2.66 2.04 9.41 6.18 8.87 1.17 4.75 1.53 4.64 2.17 0.80 5.32 0.00 3.27 9.91 8.00 6.34 3.55 1.37 5.16 8.60 0.27 7.56 4.70 3.06 8.15 4.93 5.63 2.30 5.27 9.99 5.59 9.88 9.69 2.26 3.50 9.84 5.93 1.45
3.29 1.10 7.97 1.55 8.42 9.24 7.98 4.35 0.00 8.05 0.93 9.93 0.23 3.74 3.36 1.69 9.92 9.01 1.90 0.26 7.27 3.80 4.00 8.48 0.00 2.41 4.58 6.63 0.10 1.73 4.07 2.55 6.57 6.08 1.90 2.03 3.38 4.47 0.56 0.85 1.72 7.98 8.11 9.51 1.45 0.81 2.60 2.77 2.09 9.63
2.76 3.71 8.69 9.04 2.02 3.11 3.27 1.63 3.64 6.59 4.12 8.32 2.99 1.06 9.27 1.72 9.70 8.38 1.81 0.57 0.72 1.46 5.57 0.28 7.40 0.00 6.43 9.32 8.86 3.20 7.62 6.10 5.65 0.33 9.81 3.25 9.57 6.19 6.52 9.14 6.80 2.38 3.40 1.15 1.13 2.74 9.19 8.90 5.47 1.95
0.10 2.83 9.30 6.69 3.64 4.37 2.51 5.13 0.83 5.31 1.11 9.60 8.24 7.83 5.64 1.67 3.17 1.22 5.06 8.19 5.96 2.31 5.52 3.34 3.68 9.55 0.00 8.95 9.52 5.25 4.19 3.56 5.88 7.30 6.21 4.55 5.50 4.33 3.71 3.13 0.73 5.61 4.94 7.20 0.14 1.78 0.73 7.12 1.90 3.43
7.75 9.02 8.58 0.37 2.62 7.26 7.20 9.39 3.17 0.21 1.27 1.06 5.79 4.62 3.20 8.54 3.29 4.50 3.56 4.74 2.62 2.42 1.88 9.35 8.97 1.15 6.37 0.00 3.64 9.66 1.95 6.93 1.46 2.38 4.08 9.12 1.82 4.67 1.59 3.46 0.77 7.70 9.55 8.64 2.15 3.73 8.60 2.49 0.91 1.94
1.16 6.88 4.48 9.04 7.75 9.11 1.14 7.70 2.45 2.98 7.82 2.19 5.27 4.80 9.86 9.29 7.46 2.13 2.50 7.16 0.74 7.22 6.61 8.56 6.39 1.58 4.81 5.64 0.00 0.20 9.19 3.30 1.77 7.43 9.89 3.16 5.57 2.31 7.69 3.59 0.38 4.05 0.28 9.89 2.01 6.83 4.85 5.57 5.94 9.97
5.99 3.67 8.28 1.15 5.71 7.17 6.20 9.63 2.11 4.50 5.48 5.62 1.62 9.28 5.84 3.10 7.26 7.43 7.75 6.36 9.10 5.82 6.84 1.15 5.53 6.97 3.08 0.99 5.35 0.00 7.24 4.51 9.09 8.36 6.73 4.34 6.68 6.82 7.28 1.37 0.41 0.36 3.34 4.13 6.95 3.62 4.87 9.82 4.49 2.34
4.31 6.76 3.96 5.18 0.32 7.21 1.31 7.49 3.75 3.46 8.26 2.34 9.16 7.34 0.37 9.88 8.04 4.54 2.24 4.04 5.85 4.87 4.00 9.36 2.27 6.52 5.71 5.86 4.51 6.73 0.00 8.27 2.31 1.65 8.70 2.07 9.32 1.11 1.33 1.14 3.94 0.34 5.73 0.89 9.79 0.45 4.47 1.54 2.73 4.06
1.83 9.57 5.59 1.95 5.04 8.16 7.04 1.43 6.04 5.57 9.88 7.63 2.28 4.74 7.10 5.98 8.71 5.53 4.59 9.98 3.70 6.09 8.78 5.64 7.94 6.72 5.88 3.62 1.15 6.70 3.01 0.00 4.45 3.76 1.84 5.97 8.91 7.34 8.44 3.44 3.92 8.14 8.48 5.08 4.78 5.28 7.76 4.09 4.78 8.92
0.25 2.61 9.09 1.80 1.53 8.98 7.61 5.08 9.60 6.95 5.98 0.22 1.07 2.85 9.33 2.95 1.92 7.64 4.82 5.76 4.56 7.52 2.41 1.40 8.54 2.68 2.43 8.95 7.58 8.98 0.67 8.94 0.00 8.33 1.26 7.72 2.23 2.74 6.63 9.85 8.61 1.64 7.00 0.33 0.34 2.85 1.72 9.14 7.32 1.16
8.33 6.49 8.60 4.08 2.33 8.66 3.28 6.66 6.94 9.53 9.38 5.57 2.36 9.09 3.56 7.15 9.06 4.81 3.96 2.39 9.31 6.29 9.76 8.46 3.09 5.43 3.00 1.17 7.11 8.96 5.55 1.68 2.18 0.00 4.91 6.79 3.58 9.98 8.34 8.86 6.90 8.67 9.35 6.99 7.20 9.30 7.68 3.94 4.30 5.48
8.98 0.63 1.20 9.57 5.79 5.99 1.20 3.07 9.71 6.24 0.30 9.58 4.47 7.70 8.14 5.00 3.82 2.99 1.90 3.91 4.51 8.83 2.71 3.23 0.47 7.84 8.15 0.25 7.17 4.49 2.29 2.72 6.38 7.21 0.00 8.70 2.54 1.18 0.55 4.37 4.82 4.26 7.84 9.34 8.22 6.55 6.54 0.45 2.19 1.32
8.28 9.69 8.75 0.91 8.00 0.37 2.37 4.17 1.26 2.61 6.50 9.92 7.10 2.67 1.64 9.71 3.16 3.63 8.34 9.65 4.70 5.44 3.52 9.58 3.97 3.36 7.29 4.84 1.76 3.33 5.77 9.78 8.78 9.08 4.18 0.00 2.84 3.67 8.05 6.86 8.88 7.09 4.48 1.75 4.15 9.02 9.28 7.89 7.48 2.21
5.34 4.86 3.22 2.39 6.37 2.83 5.89 9.70 4.50 9.34 4.18 6.49 9.60 7.38 4.80 6.75 4.96 9.83 7.61 7.63 6.71 5.73 5.91 4.69 3.13 1.80 5.35 1.89 9.90 9.54 7.72 7.88 6.40 4.17 2.66 8.94 0.00 9.33 3.72 2.18 4.69 6.18 4.81 1.32 7.40 7.02 4.37 8.52 1.91 4.40
0.46 5.27 7.10 1.90 7.25 1.02 5.55 4.39 0.91 8.24 3.90 2.43 0.51 8.76 4.10 4.41 4.29 5.12 5.70 4.63 7.55 9.02 5.70 2.18 9.55 6.15 5.98 3.94 6.34 7.57 2.99 2.09 5.15 2.51 2.21 2.53 9.87 0.00 5.68 8.21 5.69 7.68 8.38 0.10 2.63 5.02 7.82 7.01 3.07 4.87
5.09 1.45 3.88 1.57 5.98 9.55 1.89 2.62 3.95 1.86 9.27 4.81 8.50 6.88 6.24 8.85 8.03 4.26 3.19 9.34 2.47 0.01 4.65 9.19 6.95 0.33 7.13 6.55 4.70 2.02 3.53 8.89 4.67 6.24 6.96 3.46 4.02 3.11 0.00 8.32 7.58 2.31 1.96 9.77 5.07 2.67 8.20 8.02 6.40 2.92
7.75 6.49 3.60 2.34 5.18 1.23 3.49 2.34 5.48 5.58 2.42 4.11 2.05 2.80 7.37 9.40 9.33 5.83 4.35 6.52 1.95 1.84 1.98 1.94 8.94 6.12 2.97 2.89 6.48 9.59 7.00 1.05 0.30 5.65 2.16 7.77 5.58 0.97 2.48 0.00 2.32 5.58 8.63 4.95 7.28 2.08 6.68 2.08 0.58 8.27
5.50 2.21 2.45 1.17 5.65 7.14 6.19 1.61 5.86 7.76 7.99 4.78 1.53 5.00 5.41 9.40 2.30 6.02 6.87 9.37 0.65 6.69 0.77 5.36 9.56 0.32 2.17 5.31 8.38 6.79 8.12 0.16 3.06 4.83 4.56 6.54 2.40 7.27 4.85 0.82 0.00 9.46 4.70 7.13 3.42 7.64 3.87 8.80 8.40 3.55
7.28 3.60 0.41 2.37 7.47 4.58 9.36 2.01 7.85 7.42 3.76 4.69 4.77 7.27 3.00 4.97 8.03 0.71 6.50 4.64 1.36 5.64 7.24 4.76 5.09 1.78 6.97 8.20 8.07 0.44 1.84 1.83 7.00 4.21 4.24 1.80 1.22 6.00 2.70 8.38 1.03 0.00 0.70 3.56 8.11 1.33 3.66 4.51 9.28 6.13
0.85 3.87 3.86 9.23 8.04 0.12 2.85 8.76 7.20 4.77 1.03 2.67 1.52 2.56 9.87 1.45 9.00 7.20 4.13 6.22 9.53 0.88 8.06 3.95 9.09 9.06 5.02 4.16 2.46 7.27 1.88 3.58 1.95 7.02 6.85 2.01 2.18 8.37 0.47 9.34 4.52 1.90 0.00 7.13 7.83 3.36 4.45 3.52 4.04 5.20
1.43 1.27 8.40 1.14 6.79 8.29 0.09 3.96 5.45 3.03 9.11 1.77 4.21 3.66 0.64 5.36 3.77 1.72 4.21 2.52 6.45 5.21 6.14 1.17 5.93 0.91 3.25 2.09 9.91 5.57 4.17 8.02 3.29 6.95 9.24 8.41 4.24 6.58 4.37 1.72 7.64 9.00 9.88 0.00 6.30 7.00 3.78 9.75 5.14 3.02
8.03 6.13 0.60 1.68 0.10 1.53 5.40 6.13 2.87 8.50 8.87 5.65 1.79 6.80 3.94 2.12 8.73 8.33 3.45 0.30 6.87 8.74 0.34 3.84 1.14 2.77 0.95 7.83 2.24 0.12 9.15 0.38 2.13 7.25 3.81 3.06 9.01 5.58 3.81 9.17 3.52 3.74 1.06 3.72 0.00 8.13 4.54 0.97 7.86 3.22
7.77 2.32 7.21 5.24 7.76 3.57 6.14 0.31 2.21 2.41 4.57 4.23 4.49 4.17 0.83 7.20 0.20 9.46 5.21 2.02 7.85 2.27 5.84 8.70 9.91 2.37 1.16 6.95 0.14 9.85 3.11 2.18 7.69 9.89 9.12 1.58 6.87 3.29 9.90 1.31 7.79 9.58 7.32 8.09 8.85 0.00 1.52 7.69 5.73 8.66
2.98 9.15 2.45 9.84 2.64 9.41 0.83 8.81 4.68 7.82 9.46 5.45 1.30 1.65 0.74 3.69 7.25 1.05 7.88 2.44 8.50 2.44 7.32 3.05 2.36 2.21 4.64 8.41 5.35 9.24 4.93 7.10 0.21 5.94 9.04 6.31 4.03 6.68 3.27 0.90 4.45 4.31 4.65 5.70 3.30 9.69 0.00 6.66 8.43 0.45
8.00 1.48 7.72 9.44 3.98 6.39 5.84 1.73 1.33 2.40 5.69 8.57 6.43 5.86 5.26 1.07 7.32 4.41 8.16 0.57 0.98 1.69 9.61 9.41 8.41 6.85 4.82 5.86 4.44 6.18 3.43 2.79 9.63 0.95 9.83 9.30 3.94 5.20 9.05 8.46 4.61 8.08 3.84 0.71 9.03 4.59 9.39 0.00 5.65 9.17
9.66 2.20 4.38 4.38 5.01 9.65 9.28 6.81 4.74 4.09 5.37 2.96 8.74 6.97 8.88 9.13 8.01 0.05 0.36 4.81 0.43 6.22 8.41 6.52 0.61 7.99 0.73 0.11 2.98 9.22 1.54 7.87 4.17 3.80 6.81 8.30 5.04 6.10 8.76 9.40 4.24 9.88 9.80 6.64 4.89 6.54 8.04 9.33 0.00 5.01
3.19 5.97 4.71 0.61 3.09 4.96 7.54 1.80 5.57 1.52 3.25 9.97 9.54 1.38 9.75 4.60 7.54 9.52 2.01 9.14 0.26 8.34 0.32 6.57 9.78 8.12 1.65 0.83 2.14 3.73 2.09 3.07 1.37 3.40 8.37 7.22 6.52 2.87 9.16 5.10 8.72 2.50 1.82 6.47 7.84 3.20 3.39 9.28 9.46 0.00
