30 90
12 16 44
28 4 97
17 7 31
0 3 1
14 24 39
26 0 99
23 5 93
4 5 27
7 26 35
9 26 95
27 28 28
9 24 16
6 28 42
28 28 54
16 27 47
9 0 62
8 1 53
26 18 87
14 28 3
5 24 3
1 20 0
2 24 74
22 18 73
11 25 72
6 20 38
29 13 90
1 0 69
21 23 54
11 21 8
7 27 52
0 12 46
19 21 72
19 19 87
7 7 7
1 18 91
11 6 49
23 11 46
11 17 47
17 3 33
17 27 11
15 6 76
18 13 21
13 26 38
4 3 80
21 28 79
28 20 56
3 8 10
22 0 23
20 9 84
28 14 43
23 7 22
13 0 92
27 19 29
8 4 90
18 28 13
18 15 2
14 29 31
14 26 58
18 1 19
18 16 62
0 12 62
22 7 22
13 16 29
15 27 11
3 13 73
6 28 86
18 15 6
4 7 28
10 26 88
14 16 68
17 6 84
12 18 38
4 13 10
9 21 27
20 23 51
21 15 65
1 20 16
29 0 50
27 11 60
4 23 22
10 21 71
25 28 2
28 2 34
4 9 73
21 1 76
10 3 26
17 3 75
0 22 29
24 12 89
26 15 55
